340.0
318.0
311.0
309.0
315.0
323.0
306.0
330.0
322.0
329.0
290.0
314.0
322.0
318.0
320.0
317.0
309.0
340.0
323.0
314.0
337.0
325.0
325.0
325.0
336.0
346.0
316.0
312.0
331.0
311.0
314.0
332.0
328.0
321.0
316.0
330.0
328.0
321.0
324.0
329.0
315.0
312.0
318.0
311.0
314.0
308.0
312.0
318.0
307.0
309.0
334.0
314.0
302.0
294.0
312.0
308.0
316.0
317.0
316.0
319.0
324.0
312.0
317.0
318.0
327.0
318.0
321.0
331.0
316.0
303.0
305.0
309.0
306.0
312.0
312.0
316.0
304.0
326.0
322.0
308.0
304.0
321.0
312.0
320.0
322.0
332.0
328.0
313.0
311.0
311.0
304.0
322.0
319.0
327.0
325.0
307.0
315.0
321.0
307.0
331.0
316.0
322.0
314.0
321.0
318.0
324.0
298.0
319.0
304.0
309.0
317.0
314.0
321.0
320.0
326.0
318.0
322.0
315.0
298.0
323.0
317.0
310.0
315.0
317.0
325.0
317.0
318.0
307.0
309.0
320.0
325.0
324.0
334.0
326.0
313.0
321.0
318.0
320.0
304.0
311.0
307.0
319.0
323.0
310.0
313.0
314.0
311.0
315.0
318.0
314.0
316.0
323.0
296.0
301.0
325.0
306.0
324.0
312.0
315.0
317.0
327.0
309.0
311.0
327.0
313.0
310.0
331.0
316.0
315.0
327.0
313.0
317.0
315.0
310.0
300.0
303.0
316.0
329.0
313.0
316.0
317.0
310.0
339.0
325.0
316.0
323.0
324.0
305.0
295.0
315.0
315.0
302.0
328.0
301.0
321.0
315.0
303.0
309.0
313.0
322.0
340.0
318.0
311.0
309.0
315.0
323.0
306.0
330.0
322.0
329.0
290.0
314.0
322.0
318.0
320.0
317.0
309.0
340.0
323.0
314.0
337.0
325.0
325.0
325.0
336.0
346.0
316.0
312.0
331.0
311.0
314.0
332.0
328.0
321.0
316.0
330.0
328.0
321.0
324.0
329.0
315.0
312.0
318.0
311.0
314.0
308.0
312.0
318.0
307.0
309.0
334.0
314.0
302.0
294.0
312.0
308.0
316.0
317.0
316.0
319.0
324.0
312.0
317.0
318.0
327.0
318.0
321.0
331.0
316.0
303.0
305.0
309.0
306.0
312.0
312.0
316.0
304.0
326.0
322.0
308.0
304.0
321.0
312.0
320.0
322.0
332.0
328.0
313.0
311.0
311.0
304.0
322.0
319.0
327.0
325.0
307.0
315.0
321.0
307.0
331.0
316.0
322.0
314.0
321.0
318.0
324.0
298.0
319.0
304.0
309.0
317.0
314.0
321.0
320.0
326.0
318.0
322.0
315.0
298.0
323.0
317.0
310.0
315.0
317.0
325.0
317.0
318.0
307.0
309.0
320.0
325.0
324.0
334.0
326.0
313.0
321.0
318.0
320.0
304.0
311.0
307.0
319.0
323.0
310.0
313.0
314.0
311.0
315.0
318.0
314.0
316.0
323.0
296.0
301.0
325.0
306.0
324.0
312.0
315.0
317.0
327.0
309.0
311.0
327.0
313.0
310.0
331.0
316.0
315.0
327.0
313.0
317.0
315.0
310.0
300.0
303.0
316.0
329.0
313.0
316.0
317.0
310.0
339.0
325.0
316.0
323.0
324.0
305.0
295.0
315.0
315.0
302.0
328.0
301.0
321.0
315.0
303.0
309.0
313.0
322.0
340.0
318.0
311.0
309.0
315.0
323.0
306.0
330.0
322.0
329.0
290.0
314.0
322.0
318.0
320.0
317.0
309.0
340.0
323.0
314.0
337.0
325.0
325.0
325.0
336.0
346.0
316.0
312.0
331.0
311.0
314.0
332.0
328.0
321.0
316.0
330.0
328.0
321.0
324.0
329.0
315.0
312.0
318.0
311.0
314.0
308.0
312.0
318.0
307.0
309.0
334.0
314.0
302.0
294.0
312.0
308.0
316.0
317.0
316.0
319.0
324.0
312.0
317.0
318.0
327.0
318.0
321.0
331.0
316.0
303.0
305.0
309.0
306.0
312.0
312.0
316.0
304.0
326.0
322.0
308.0
304.0
321.0
312.0
320.0
322.0
332.0
328.0
313.0
311.0
311.0
304.0
322.0
319.0
327.0
325.0
307.0
315.0
321.0
307.0
331.0
316.0
322.0
314.0
321.0
318.0
324.0
298.0
319.0
304.0
309.0
317.0
314.0
321.0
320.0
326.0
318.0
322.0
315.0
298.0
323.0
317.0
310.0
315.0
317.0
325.0
317.0
318.0
307.0
309.0
320.0
325.0
324.0
334.0
326.0
313.0
321.0
318.0
320.0
304.0
311.0
307.0
319.0
323.0
310.0
313.0
314.0
311.0
315.0
318.0
314.0
316.0
323.0
296.0
301.0
325.0
306.0
324.0
312.0
315.0
317.0
327.0
309.0
311.0
327.0
313.0
310.0
331.0
316.0
315.0
327.0
313.0
317.0
315.0
310.0
300.0
303.0
316.0
329.0
313.0
316.0
317.0
310.0
339.0
325.0
316.0
323.0
324.0
305.0
295.0
315.0
315.0
302.0
328.0
301.0
321.0
315.0
303.0
309.0
313.0
322.0
